**** REPORT SUMMARY :        0     NONOPT
                             0 INFEASIBLE
                             0  UNBOUNDED
GAMS 24.2.1  r43572 Released Dec  9, 2013 WEX-WEI x86_64/MS Windows 04/02/14 19:01:00 Page 6
G e n e r a l   A l g e b r a i c   M o d e l i n g   S y s t e m
E x e c u t i o n



----    361 VARIABLE inject.L  queen larvae inject action

          232

1       1.000


----    361 VARIABLE au.L  action to train a number of units

            0          12          23          47          49          73

d       1.000       1.000       1.000       1.000                   1.000
o                                                       1.000

+          93          94          95         119         131         138

d       1.000       1.000       1.000       1.000       1.000       1.000

+         169         175         192         232         247         253

d       1.000
o                               2.000
q                   1.000
r                                           2.000       1.000       1.000

+         262         272         273         288

o                                           1.000
r       1.000       2.000       2.000


----    361 VARIABLE ab.L  action to build a building

          110         176         236

r                   1.000
e       1.000                   1.000
s       1.000


----    361 VARIABLE ar.L  action to start a research

                      ( ALL       0.000 )


----    361 VARIABLE gd.L  gas drones

          140         141         144         146         149         150

1       3.000       3.000       3.000       3.000       3.000       3.000

+         151         152         153         154         156         157

1       3.000       3.000       3.000       3.000       3.000       3.000

+         160         161         162         164         165         166

1       3.000       3.000       3.000       2.000       3.000       3.000

+         167         168         169         170         171         172

1       3.000       3.000       3.000       3.000       3.000       3.000

+         173         174         175         176         177         180

1       3.000       3.000       3.000       3.000       3.000       3.000

+         184         188         193         194         195         196

1       3.000       3.000       3.000       3.000       3.000       3.000

+         197         198         199         200         201         202

1       3.000       3.000       3.000       3.000       3.000       3.000

+         203         204         205         206         207         208

1       3.000       3.000       3.000       3.000       3.000       3.000

+         209         210         211         212         213         214

1       3.000       3.000       3.000       3.000       3.000       3.000

+         215         216         217         218         219         220

1       3.000       3.000       3.000       3.000       3.000       3.000

+         221         222         223         224         225         226

1       3.000       3.000       3.000       3.000       3.000       3.000

+         227         228         229         230         231         232

1       3.000       3.000       3.000       3.000       3.000       3.000

+         233         234         235         237         238         239

1       3.000       3.000       3.000       3.000       3.000       3.000

+         240         241         242         243         244         245

1       3.000       3.000       3.000       3.000       3.000       3.000

+         246         247         248         249         250         251

1       3.000       3.000       3.000       3.000       3.000       3.000

+         253         254         255         256         257         258

1       3.000       3.000       3.000       3.000       3.000       3.000

+         259         260         261         262         263         264

1       3.000       3.000       3.000       3.000       3.000       3.000

+         265         266         267         269         270         271

1       3.000       6.000       6.000       6.000       6.000       6.000


